name: mimse-rheology
channels:
- conda-forge
dependencies:
- _libgcc_mutex=0.1=conda_forge
- _openmp_mutex=4.5=2_gnu
- bzip2=1.0.8=hd590300_5
- c-ares=1.28.1=hd590300_0
- ca-certificates=2024.2.2=hbcca054_0
- cmake=3.29.2=hcfe8598_0
- colorama=0.4.6=pyhd8ed1ab_0
- eigen=3.4.0=h00ab1b0_0
- exceptiongroup=1.2.0=pyhd8ed1ab_2
- iniconfig=2.0.0=pyhd8ed1ab_0
- keyutils=1.6.1=h166bdaf_0
- krb5=1.21.2=h659d440_0
- ld_impl_linux-64=2.40=h55db66e_0
- libblas=3.9.0=22_linux64_openblas
- libcblas=3.9.0=22_linux64_openblas
- libcurl=8.7.1=hca28451_0
- libedit=3.1.20191231=he28a2e2_2
- libev=4.33=hd590300_2
- libexpat=2.6.2=h59595ed_0
- libffi=3.4.2=h7f98852_5
- libgcc-ng=13.2.0=hc881cc4_6
- libgfortran-ng=13.2.0=h69a702a_6
- libgfortran5=13.2.0=h43f5ff8_6
- libgomp=13.2.0=hc881cc4_6
- liblapack=3.9.0=22_linux64_openblas
- libnghttp2=1.58.0=h47da74e_1
- libnsl=2.0.1=hd590300_0
- libopenblas=0.3.27=pthreads_h413a1c8_0
- libsqlite=3.45.3=h2797004_0
- libssh2=1.11.0=h0841786_0
- libstdcxx-ng=13.2.0=h95c4c6d_6
- libuuid=2.38.1=h0b41bf4_0
- libuv=1.48.0=hd590300_0
- libxcrypt=4.4.36=hd590300_1
- libzlib=1.2.13=hd590300_5
- ncurses=6.4.20240210=h59595ed_0
- numpy=1.26.4=py312heda63a1_0
- openssl=3.2.1=hd590300_1
- packaging=24.0=pyhd8ed1ab_0
- pip=24.0=pyhd8ed1ab_0
- pluggy=1.5.0=pyhd8ed1ab_0
- pybind11=2.12.0=py312h8572e83_0
- pybind11-global=2.12.0=py312h8572e83_0
- pytest=8.1.1=pyhd8ed1ab_0
- python=3.12.3=hab00c5b_0_cpython
- python_abi=3.12=4_cp312
- readline=8.2=h8228510_1
- rhash=1.4.4=hd590300_0
- setuptools=69.5.1=pyhd8ed1ab_0
- tk=8.6.13=noxft_h4845f30_101
- tomli=2.0.1=pyhd8ed1ab_0
- tzdata=2024a=h0c530f3_0
- wheel=0.43.0=pyhd8ed1ab_1
- xz=5.2.6=h166bdaf_0
- zstd=1.5.5=hfc55251_0

